-577 111 -342 -807 37 975 847 776 -949 -971 816 -882 485 -678 -329 918 -402 47 -163 894 -298 -566 43 -761 274 156 208 645 -794 764 -882 628 -844 -930 -367 64 78 -225 -777 -389 -335 -126 376 513 219 225 -558 166 357 76
-561 873 -508 -964 68 -341 862 830 -629 20 -154 -502 -363 115 -124 -584 52 -503 523 -464 444 706 -187 -478 629 -426 125 -921 850 768 -862 -731 -447 -14 -241 530 237 -458 -973 653 789 -229 417 -154 409 991 -687 910 -207 246 -776 324 154 27 -69 -526 -457 70 -699
951 -590 166 -942 -84 474 531 970 -399 -738 367 -873 388 322 862 -697 -43 982 -215 -765 -585 -807 636 -471 -127 -107 226 403 -191 259 37 -706 857 -748 -287 657 -158 688 787 157 -522 -721 710 705 -737
-371 -678 -500 -946 64 -598 -549 895 -507 -430 -43 -387 -319 972 110 -762 -288 320 996 -738 711 -366 841 83 139 -970 371 -38 -213 -281 -65 -826 827 403 966 -254 -807 349 -430 -334 -609 863 -50 969 -150 -326 810 239 -46 933 63 63 -409 -251 172 -842 981 697 -310 667 921 -309 -617 -320
523 610 785 -414 381 272 -268 -699 -222 947 198 -433 -377 640 -553 -783 -26 870 674 -188 -63 -478 878 377 678
363 -709 -52 -49 17 -430 -726 -124 902 -126 -705 886 -841 63 -178 -150 -798 -410 254 -397 -52 -115 772 760 -527 -410 -144 921 81 -807 272 -68 -556 -313 -502 854 -98 -286 -300 815 -302 -454 -198 644 -326 90 -471 176 740 -646 389 780 610 -928 -360 253 488 -961 437 -165 315 -130 -682 -110 -762 -255 -182 200 -737 313
46 295 -347 271 348 -628 -554 -698 286 117 75 -775 -477 -999 -591 -873 967 702 -388 -926 -86 329 781 -155 -813 78 188 -680 168 -488 -170 -900 111 471 854 987 -746 -918 764 286 -60 31 -717 59 525 116 -4 -345 346 676 219 314 -708 -919 210 -370 534 842 -394 484 -980 382 835 20 847 -619 -955 696
323 -906 -151 -418 332 214 950 -724 112 618 -932 -432 -129 -651 -488 -130 -631 -895 -956 704 -221 584 749 -710 -484 244 -534 149 -92 -386 -330 -699 -121 558 363 -954 562 458 -747 973 345 -941 134 -833 -851 523 -873 -540 445 -884 939 -617 -220 783 709 836 860 -163
180 -399 943 -470 -392 -888 -810 -15 104 414 285 91 27 -275 -264 -458 -14 -399 -624 946 592 -502 774 52 564 -140 648 473 -488 373 327 -48 214 867 -509 -590 -249 -989 272 783
-670 746 295 -844 -324 721 -625 -767 340 -551 -775 2 448 579 812 733 -403 625 254 -296 726 -406 -953 931 -692 -164 627 -620 291 -931 -18 -862 941 959 -347 742 245 -166 465 243 -633 -106 823 572 -234 10 896 198 175 708 395 953 69 91 389 204 601 843 822 239 844 501 535 690 -976 -884
-912 -247 834 -727 318 -492 -608 -140 568 683 112 123 -538 760 -353 376 703 460 275 -863 -15 -945 345 13 959 -988 -148 -600 13 -498 51 674
916 -172 96 -872 289 -93 345 460 -189 880 39 -487 837 -160 764 566 877 -69 -596 -491 415 -25 402 994 301 243 52 -12 609 -320 945
-642 -74 725 133 699 216 -891 -720 951 -672 -180 -449 678 15 -782 -643 -281 866 -421 -422 389 742 34 692 -286 -650 -460 996 -519 -362 897 -276 621 221 727 522 -338 817 233 -439 579 -151 -27 614 -40 703 400 656 449 938 -716 -393 -87 -288 -458 -855 -74 -588 -440 -17 -552 816 -212 -768 -473 -488 477 906 991 -207 572 -752
-286 650 -496 -983 974 -672 137 -491 293 -793 981 -326 -238 -274 922 -560 170 -355 114 467 427 302 -558 -770 -967 -168 807 -869 -637 -575 -94 739 -472 952 -310 -917 530 159 750 -513 753 -292 800 233 113 556 376 -885 -8 -210 134 402 -306 -511 -996 122 984 -618 775 -208 550 19 -268
-59 -434 467 -427 -699 -434 878 -859 715 464 994 -858 -875 -318 686 -241 -473 -881 -56 638 -89 858 468 944 306 -330 -767 -499 101 -800 -845 -801 153 -758 148 -33 -452 -135 -815 399 -196 -175 -244 635 953 763 -566 362
-380 -48 199 357 458 577 -350 -397 -588 -754 655 -324 543 -214 436 -472 478 421 264 -37 -468 -785 -650 688 -367 930 120 -209 -864 -449 330 -552 646 -252 -705 287 318 44 -468
741 -266 949 144 -697 612 -487 831 621 -884 -179 118 -161 879 356 -628 -166 -542 -771 -357 -10 -443 -664 893 982 578 -682 385 -256 306 910 507 556 190 687 -150 829 -96 -311 -487 720 942 726 451 552 762 -738 -291 231 -81
552 255 19 -860 667 824 682 -68 362 109 -449 -87 411 -604 -311 629 556 -80 -807 -621 -167 -379 -952 -980 176 565 734 357 -905 445 -495 -652 823 900 436 -125 131 449 -673 -876 -769 247 204
-680 -21 572 -851 674 97 80 342 -191 161 29 312 405 -254 316 -898 -612 285 775 -92 -433 797 365 -772 -321 -697 -582 756 391 -743 -164 228
883 -707 745 -601 -522 -254 -363 723 -587 -727 976 -342 -949 653 -52 -810 18 677 458 129 13 -336 -623 250 473 -129 -337 -521 -991 320 593 -418
702 -230 -377 -751 -886 989 318 -926 -943 -985 -947 -451 944 58 -783 801 -412 255 -357 634 -372 -78 453 108 325 336 602 -269 -587 -33 171 -723 -564 -100 -385 143 -848 -764 378 -230 916 522 -262 161 -708 191 457 872 604 293 -235 781 856
274 898 -736 401 239 989 -571 -482 111 -591 -412 267 76 211 389 -172 -875 -623 -327 -181 667 -350 205 428 -866 370 14 570 778 -357 -685 -776 -944
-581 -206 -11 -725 50 -354 59 -968 -857 42 848 411 -375 -581 961 -787 321 -25 -34 318 379 256 881 -960 105 -531 145 758 -800 -868 -52 696 509 -581 -233 316 -642 -226 266 794 -388 -100 990 -25 -408 -862 -589 -42 211 -110 11 21 402 634 887 -83 -702 312 484 555 -308 -878 565 753 -177 272 820 711 13 -456 161 -635 -676 -143 468
-22 -40 190 309 -550 -834 596 460 956 -14 -154 643 420 -659 792 -263 -583 -990 -695 38 143 216 470 454 396 -997 871 582 124 298 814 -675 239 -223 -4
-815 364 -757 444 988 -544 302 12 -797 -252 983 928 -294 26 43 683 968 -71 -571 254 -711 866 222 709 953 -313 -37 822 530 -446 80 73 -201 299 -241 598 -963 413 238 -850 830 -794 -371 591 818 -52 -84 -107 625 988 -732 -605 802 307 -400 141 -971 274 -914 -936 -330 -778 -680 -579 378 978 324 -714 821 -92 -846
-563 249 498 -77 -456 -940 -679 167 753 -154 247 -882 111 -714 225 -887 920 909 -119 980 698 799 -524 705 -683 -65 489 513 -254 883 951 -671 -450 58 43 536 650 211 718 -448 -826 -5 -823 759 238 -923 -975 -590 643 167 231 -969 -815 412 -108 -489 -599 151 234 575 367 804 -950 198 214 -312 -320 374
-523 -891 72 -874 -254 -759 510 368 257 790 -934 746 364 14 995 752 848 -702 503 -433 -217 -153 -373 -292 -583 977 -84 332 -304 -256 -762 495 257 -318
-500 -191 -342 -939 -492 974 33 487 -100 -871 856 -486 532 749 760 462 894 962 421 92 -855 628 -457 -478 -189 151 883 314 -589 646 -188 -182 -882 758 -562 844 460 -39 -754 -580 -900 900 -130 703 -626 931 -333 902 727
-875 805 -976 -476 404 148 511 -480 641 158 756 -625 -190 324 872 -674 675 87 540 -780 496 -129 330 -763 884 921 351 764 490 -918 -991 -369 -149 746 -902 274 -486 -321 658 -706 316 444 -292 -198 -262 -495 -119 -986 511 301 -288 -156 629 152 250 886 -897 -62 -979 -720 -447 92 152 -303 255 -136 -401 -36 206 874 777
127 830 -682 838 -757 330 710 421 149 702 -75 -322 114 -462 902 -687 -779 -926 -910 -202 169 347 325 -688 -482 335 -198 862 236 985 12 707 -542 162 890
906 797 374 -133 -996 291 -541 -609 -956 622 374 -488 265 743 -533 -116 -453 514 169 446 609 -715 867 -549 256 31 -524 -305 -75 642 -18 751 -593 675 78 622 -725 695 -705 53 675 -801 810 785 -271
-969 847 318 -322 -856 -182 -874 861 -575 -639 -163 904 -419 -435 -933 422 -806 792 808 9 538 252 154 -19 749 -887 -607 555 -285 691 132 347 523 960 -501 765 -195 -945 916 -543 598 553 178 678 -646 -26 516 96
-587 918 203 0 815 23 781 -331 -275 740 -398 -917 -445 706 585 200 37 -200 826 916 947 648 955 209 327 -354 392 -221 729 937 39 626 -633
-28 230 -375 503 -423 -511 812 -669 40 -622 620 -796 690 40 -875 -179 780 486 -873 -466 249 -516 398 762 261 -170 -635 733 511 -506 -280 332 -991 -841 -377 -666 -795 -389 979 -909 -198 -57 886 -101 591 -305 -702 -882 -527 143 -678 -65 348 -915 134 154 -995 -706 -551 1 487 -171 301 -205 242 -152 -481 -279 487 -373 447 366 -123 251
-346 779 711 984 -696 -826 -987 418 -960 -846 859 643 662 -55 422 849 -823 -53 888 311 814 -586 -827 61 79 276 -860 757 335 325 -799 -119 974 -889 -256 326 -631 -639 12 76 -353 -204 712 803 -18 202 -573 -278 -398 78 385 170 579 -663 722
-594 842 -570 581 -403 -92 -774 531 787 -648 338 -295 -360 -108 -409 584 173 -674 -979 40 -515 -851 -663 330 -878 957 -831 -577
-118 -449 104 -545 -277 932 -384 161 -140 215 366 -62 865 737 -839 727 -933 -366 -36 -495 408 -394 3 540 371 151 -36 -689 -932 414 -182 137 441 -492 65 -90 118
-242 -135 825 -145 -266 -718 -526 251 -843 -644 -156 -832 184 460 545 790 -951 -531 290 -584 384 580 -440 580 -505 -176
511 -868 107 128 -575 -304 -323 796 -409 859 -237 -633 829 731 998 177 7 495 -638 845 -255 393 -977 -606 -508 501 108 61 -354 -845 -643 349 -367 766 -49 260 857 -918 -864 815 290 460 1 -932 -783 -339 -173 -563 415 -20 -151 -748 -808 -967 755 688 -104 -963 294 966 338 -457 -504 446
246 833 -782 451 489 -851 902 81 -450 -225 -628 -636 -873 -31 498 -271 251 -737 595 244 964 -750 -323 -637 -708 -707 527 -598 275 740 628 -439 380 -788 533 -958 157 -658 -831 449 334 806 222 67 -23 -350 -852 731 -791 517 -652 486 192 106 -839 587 -623 970 703 286 -415 -277 -285 -653
-485 308 772 -431 548 -414 -634 787 959 -26 607 -607 -968 311 -477 468 -689 -511 703 -34 -634 742 -331 -497 914 -662 -804 291 -839 549 745 696 961 507 -362 952
323 -794 904 -378 717 130 997 637 679 -393 356 -446 966 685 -464 -864 -135 327 11 -595 -717 -492 621 -146 371 -654 805 858 961 -264 -276 865 -580 -787 -110 11 -29 -814 690 -125 -754 377 -136 403 516 703 514 684 702 -293 -930 383
-409 834 813 -250 278 534 -45 520 802 -358 -918 139 900 30 -997 23 -352 -300 -379 92 -179 167 -979 357 670 -291 -587 831 -932 216 -939 897 -400 -925 577 98 320 -914 -231 817 456 444 351 373
622 -564 -51 -274 924 541 -346 169 648 -146 -778 654 888 221 917 -44 -11 994 730 966 186 -756 -847 -995 -400 -455 865 -558 420 218 503 -199 -45 56 930 400 -409 446 732 744 239 737 -865 573 -26 -507 -789 671 -105 749 412 -627 -717 -163 -849 -323
238 80 229 376 90 242 -427 233 -892 -971 499 -51 960 -830 -610 -326 -412 -277 834 -348 889 -39 396 -46 -433 113
-135 462 -843 -862 -669 -949 -128 405 -862 381 -509 70 87 -700 -920 246 -805 -851 465 -452 -748 -508 -278 -791 334 703 -434 3 391 882 -686 44 -5 915 -658 971 -643 9 832 -13 -861 693 551 -135 753 634 -267 285 -496
363 -610 -895 -519 -617 -130 -573 -677 -76 328 -801 -367 -559 853 -517 918 181 47 565 -599 578 892 41 171 -458 832 -828 410 491 -424 35 -689 573 943 -413 -181 -266 -61 -786 -608 52 982 -147 -731 523 -736 912 732 -665 -998 908 431 396 -735 -853 560 163 -612 -836 -678 -822 -445 922 -841 -496 -151 -510 22 144
-367 558 -326 -308 285 -333 124 241 630 440 810 628 -240 -868 -585 143 664 337 -62 185 764 124 775 -134 -910 951 -954 225 870 -152
470 -532 -792 -479 133 321 780 -118 -913 -640 460 -7 992 -408 706 740 58 -247 -721 -25 -994 949 -454 -937 -95 122 893 -612 -195 685 234 827 770 -52 936 856 870 430 -47 -823 297 169 -27 225 -564 -913 -521 -253 -955 132 -486 27 376 884 -953 344 -436 938 -330 885 -76 318 -701 -304 461 710 -968
743 33 -927 463 -654 668 84 -787 -83 -429 -407 886 -710 -226 -958 -951 -473 -762 471 -878 848 146 -32 -196 -203 959 -865 -546 -463 -337 724 564 203 695 330 234 654 -246 457 170 768 -78 -138 657 -145 358 -848 -459 570 733 -905 -156 -86 55 -743 -234 -302 624 533 -509 317 313 -836
511 913 -847 637 -219 -516 300 969 206 675 647 -37 -252 -918 560 882 537 -999 580 794 -696 -949 254 664 649 855 -561 390 736 599 214 589 481 225 263 891 -622 809 -655 882 -734 443 240 151 -638 364 -940 -985 -142 -764 553 209 -624 -784 419 -544 626 -368 663 -259 -528 21 -132 236 257 813 937 924 -365 -12 757 -626 824 -72