-352 -745 N/A -49 -280 N/A -439 550 986 N/A 561 -449 -811 -441 658 N/A 668 N/A -740 -17 N/A -638 -948 N/A 455 -674 -339 -521
558 322 397 766 363 -76 N/A -958 -174 N/A 252 605 N/A -495 N/A 5 289 N/A 276 732 836 -692 278 -670 802 N/A 633 N/A -375 493 N/A 662 943 N/A 73 -139 -687 -345 N/A -480 113 -46
231 -339 -494 N/A 424 -135 -186 N/A 383 N/A -638 N/A 851 920 418 964 640 962 N/A 328 725 304 -94 N/A 519 N/A 727 N/A 304 -298 -78 N/A -45 -683 449 -346 N/A -533 867 -695 856 -610 -334 -847 -93 N/A -523 N/A 482 N/A 256 951
839 882 -360 N/A -305 -363 N/A 260 N/A 366 240 -215 -125 259 700 N/A -62 981 -514 362 N/A -650 528 N/A -517 269 -166 -78 N/A 897 N/A 537 -254 73 564 N/A 910 660 -534 N/A 993 N/A 984 N/A -747 -846 N/A 410 -261 -1000 -379 434 N/A 869 -697 -810
315 881 N/A -366 -600 N/A -555 629 -351 N/A -148 -614 682 508 N/A 12 -433 475 -35 -905 -248 N/A 584 N/A -887 -487 N/A -43 379 N/A 328 N/A -669 -565 52 -550 -722 -132 290 N/A 638 466 -212 N/A -365 N/A -21 -627 807 936 522 -818 125 N/A 788 N/A 457 705 N/A -772 -973 -638 N/A -523 715 -503 N/A 394 834
273 -882 N/A -927 -494 N/A 781 768 N/A 413 353 949 -31 N/A -440 N/A 128 680 N/A -964 N/A -665 N/A -172 712 697 842 N/A 223 185 617 N/A 296 -96 -341 N/A -274 -528 -428 780 -22 557 N/A 723 -161 989 504 N/A 762 -544 128 907
-169 -908 836 N/A -264 -875 389 -373 -959 N/A 259 N/A 927 -821 N/A 726 -360 138 N/A 461 -96 238 -737 295 874 562 N/A 380 -534 N/A 720 N/A -261 N/A 322 N/A -118 N/A 813 -888 -116 N/A 445 N/A 938 -54 N/A -801 -458 455 575 72 -54 110 43 16 N/A 858 -471 447 -950
47 689 -253 N/A -911 N/A 865 -119 N/A 23 7 -835 -930 N/A -398 44 N/A -353 N/A 510 -902 673 -136 5 106 N/A -71 609 -757 -813 -382 N/A 998 -476 -267 -991 -859 N/A 127 743 934 N/A 214 651 N/A 360 446 -166 545 753 -777 N/A 229 166 -178 N/A -925 N/A 721 -950 -308 N/A -377 759 119 N/A -717
636 N/A 938 N/A 461 N/A 102 -979 N/A -355 384 -616 N/A -424 -890 N/A -450 -463 593 N/A 880 -667 56 -647 N/A -743 -497 333 -20 -640 914 -411 629 -437 -141 N/A 16 292 150
-137 407 -707 968 273 93 -378 N/A 760 -791 -31 967 N/A 416 -763 -556 -72 N/A -210 N/A 306 948 N/A -473 298 N/A 564 -23 574 N/A 381 970 -924 928 -632 618 N/A 572 N/A -643 N/A 116 -602 -129 N/A -556 N/A 277 N/A 675 N/A 311 -564 102 981 -395 -447 N/A -928 -944 -302 N/A -675 -988 -847 N/A -683 433 927 381
-875 248 826 N/A -602 289 836 -962 -976 N/A -739 N/A -117 -501 531 N/A 47 352 -428 -245 N/A 414 -337 N/A -633 -736 N/A 717 654 855 N/A 612 -112 23 -200
788 -825 -12 923 792 -631 N/A 861 -903 N/A 79 -197 N/A -180 -879 925 -871 100 -134 N/A -908 -555 N/A -10 -431 504 408 150 N/A 496 N/A 466 N/A 508 -253 N/A -705 N/A 355 366 -370
-873 N/A -593 N/A 892 -588 N/A -41 475 N/A -317 -718 -475 902 N/A 987 N/A -482 183 -9 639 -665 N/A -412 973 N/A 250 689 554 -537 338 -369 376 -285 -344 N/A 17 236 N/A 418 -743 -923 983 -495 N/A -512 -666 -694 -233 -967 N/A -974 N/A 307
24 -785 -731 -412 -263 N/A 43 522 824 465 N/A 601 940 -91 -484 -224 -798 703 N/A -908 N/A 94 N/A -932 679 864 N/A -780 -236 785 -557 500 -346 N/A -196 N/A 631 N/A 30 -825 N/A 448 N/A -766 N/A -796 N/A 560 408 -358 N/A -527 -57 -219 N/A 603 998 245 406 -640 -990 N/A 127 697
-523 707 N/A -890 974 -636 -600 -919 869 -350 N/A -768 450 318 18 N/A -817 N/A -205 -423 -574 N/A 759 N/A -882
-526 -154 N/A -409 -146 N/A -647 -160 850 N/A 993 N/A -661 360 550 N/A -282 N/A -935 N/A 927 N/A -987 -290 -217 91 429 -11 -278 846 N/A -175 285 N/A 580 -517 242 N/A 128 -946 -996 N/A 532 -762 N/A -108 295 816 666 N/A -206 -536 427 -765 N/A 4 -910 -305 N/A -876 N/A 77 60 62 622 771 N/A -127 -569 657 763 -608 243 84
-162 955 251 755 471 N/A 97 -383 455 N/A 458 -359 740 N/A 487 N/A 140 -376 -964 163 -310 N/A 35 N/A -428 -284 N/A -715 -940 N/A -289 927 N/A -507 -772 801
-840 -571 N/A 608 N/A -259 905 -708 -943 -274 N/A -120 N/A 297 -555 63 N/A 775 107 29 439 N/A 986 N/A -968 -91 -292 172 792 N/A -90 N/A 712 -637 -972 -804 -181 N/A -253 N/A -836 456 -334 -466 N/A -106 47 -119
873 512 -735 -796 N/A 285 -946 -799 N/A -975 523 604 -536 -179 -172 862 N/A 456 345 N/A 782 -265 N/A -254 -893 N/A -247 -845 N/A -639 -15 N/A -13 -91 N/A -221 -611 829 N/A -325 N/A -935 802 N/A -798 -340 -600 N/A -998 N/A -383 N/A -111 -386 -503 323 211 472 -417 813 529 -639 -399 -239 N/A 964 -574 N/A 104 613 N/A -831
32 -305 N/A 421 -257 N/A -762 N/A -933 -386 N/A -549 N/A -181 180 -80 -838 -200 -242 779 -392 N/A -616 14 N/A -612 109 -270 N/A -981 N/A 852 N/A 928 N/A 843 -606 -772 -380 -96 -702 -818 955 -183 N/A -638 557 -780 N/A -872 -693 N/A 817 693 -177 765 N/A 387 519 -994 861 N/A 381 790 -131 513 915 -556 -93 N/A -544 N/A -715
-38 -842 N/A 699 -615 610 N/A 409 113 124 502 -15 N/A 754 -939 600 -815 -413 N/A -397 189 N/A -214 -709 N/A 977 -67 -63 200 N/A 55 N/A -832 -935 N/A 949 355 210 515 N/A 312 545 N/A 467 N/A -229 -741 169 484
-759 -111 N/A -283 N/A 314 193 478 N/A 170 -231 392 N/A -641 N/A -226 -497 423 -405 -690 287 289 -728 482 N/A -916 852 N/A 505 162 -909 N/A -691 -10 886 811 N/A 399 N/A 672 428 N/A -426 -417 -371 -490 -775 N/A -966 N/A 760 238 N/A -216 787 363
352 N/A 562 N/A 28 N/A -601 -921 548 -354 -589 -275 -707 810 N/A 677 -203 -407 301 61 N/A -17 376 -733 N/A -502 N/A -343 -404 247 -49 N/A 709
-922 -238 N/A -938 215 908 911 717 -871 N/A -803 N/A 18 742 -378 N/A 552 -997 -999 -481 N/A 417 927 578 461 N/A 367 206 N/A 499 -596 N/A 478 561 -65 N/A 732 743 N/A -413 -687 -895 -869 -387 304 359 -581 -14 176 -275 N/A -171 -790 N/A 771 745 N/A 337 N/A 547 -53 N/A -669 N/A 431 530 685 N/A -270 150
809 N/A 82 296 895 -133 N/A -63 N/A 49 -108 N/A 415 566 -903 -717 N/A 623 N/A 829 155 N/A 362 -916 -273 664 589 793 N/A -10 -570 553 921 -834 N/A -757 N/A 96 502 N/A 425 68 -752 N/A 10 100 -17 -497 N/A 672 675 -881 N/A -420 -834 951 -509 N/A -33 N/A 359 N/A -185 743 -240 169 875 -771 53 24 457 211 174 N/A -897
-727 -667 -695 N/A 72 -502 -383 10 N/A 671 N/A 445 874 541 -60 481 N/A -186 N/A 967 688 -107 551 531 -888 N/A -409 N/A 418 -721 -470 430 N/A -162 10
-592 N/A -890 792 N/A 397 N/A -403 -668 -218 396 851 -183 597 241 N/A -321 N/A -109 N/A -102 -684 -759 -846 -300 N/A 277 -359 945 939 -679 N/A -454 -930 N/A 3 -713 763 -566
251 647 -965 304 N/A -969 455 N/A -785 -230 N/A 441 -475 495 -742 -518 N/A 347 -750 730 -794 N/A -286 941 -17 -521 841 84 N/A -479 266 -927 226 193 503 N/A 110 -548 N/A -253 411 481 N/A 875 229 31 270 N/A 780 N/A 167 N/A 696 110 899 N/A 700 934 N/A -391 -439 N/A -889 N/A -851 -264 N/A 605
-469 986 926 -791 -129 590 -286 -123 618 N/A 968 -486 N/A -863 -207 N/A 422 N/A -16 -989 61 N/A -414 N/A -389 140 N/A 661 N/A 364 -462 N/A -819 742 -490 N/A -325 -982 N/A 961 -602 -660 -249 350 -312 63 0 N/A -687 317 -622 N/A -709 -775 N/A -487 -871 N/A -441 -221 400 N/A -684 -127 -812
-884 N/A -822 790 N/A -836 N/A -254 -880 706 -817 273 992 N/A 72 -597 N/A 102 -486 -900 -27 -585 928 N/A -770 86 562
-337 -174 N/A -222 -756 230 120 N/A -314 N/A 956 -986 568 N/A -21 525 611 -16 N/A 690 N/A -840 -870 N/A 264 -181 N/A -564 -701 542 30 -467 -258 -102 602
712 N/A -935 544 -995 272 -807 -637 N/A 219 -287 86 917 -450 612 -278 N/A -839 -865 636 -337 -651 N/A -589 N/A 162 N/A -729 693 -217 -592 N/A -630 366 N/A 450 912 481 -490 12 N/A -471 N/A -293 -521 N/A -529 -99 -199 -955 N/A 195 -373 863 N/A 432 140 547 N/A -424 429 N/A -976 N/A -138 272 572 N/A -820 N/A 43 268 519
-133 803 -418 351 N/A 780 429 -125 N/A -460 N/A 811 893 N/A 847 135 N/A 731 779 -970 -951 N/A -836 -773 -132
256 -250 -854 N/A -505 192 N/A 102 -852 629 -397 -749 N/A -837 165 N/A -933 N/A 615 N/A 570 -192 -978 75 N/A -599 664 -695 -428 497 N/A -645 N/A -915 -41 376
45 33 N/A 878 39 52 N/A 58 175 837 813 N/A -276 N/A -975 -384 592 N/A -362 N/A -588 686 218 74 -340 N/A -719 621 -988 -388 600 N/A 850 -682 -62
-642 -228 40 -818 118 372 N/A -947 619 -237 N/A -227 -734 N/A -547 -366 792 915 N/A -120 -919 N/A 86 -66 N/A 84 579 986 94 N/A -656 958 597 -765 N/A -589 968 666 N/A -803 N/A -160 -840
-335 -614 N/A -782 -98 486 625 -175 982 -242 196 N/A 616 N/A 626 -839 N/A 87 -116 -234 N/A 45 843 206 N/A -345 N/A -976 57 -684 N/A -317 189 -913 N/A 776 -974 -945 N/A -206 844 998 -628 N/A -48 -465
769 -286 N/A 623 N/A 874 -505 57 -248 633 82 N/A 279 322 -929 350 -100 482 -602 N/A 902 N/A -91 397 -223 N/A -132 385 N/A 595 779 147 N/A 534 -787 N/A 267 675 -471 -947 N/A -987 -653 N/A 296 N/A 980 642 878 -616 N/A -850 398 N/A -437 252 -386 -372 -334 N/A 678 897 682 -995 N/A -209 N/A 384 -244
-505 156 608 N/A 577 -591 N/A 959 N/A -256 -241 N/A -720 798 N/A -231 -982 -820 N/A -704 -413 N/A -971 N/A -835 862 -344 760 N/A -868 -565 543 N/A 230 820 794 339 N/A -343 133 -183 N/A 20 N/A 60 -440 -558 735 -510 -300 222 996 697 -973 635
547 -220 882 N/A 438 -984 -39 -728 N/A 284 N/A 407 -692 N/A -80 N/A 358 -336 -692 -682 712 206 N/A 76 -683 -257 -221 N/A 299 N/A -501 -91 353 332 701 113 N/A 156 N/A -360 581 N/A -608 -132 268 -42 170 N/A 653 N/A -27 567 -75 803 -11 620 -64 -79 385 N/A -254 N/A -939 N/A -66 585 N/A 728 750 771 886
-238 N/A 929 N/A -399 N/A -815 -165 -73 N/A 624 792 652 -659 N/A -814 N/A -946 665 486 -525 -158 656 -171 347 N/A 393 15 N/A -335 -646 118 N/A -695 723 N/A -301 248 855 752 N/A 41 N/A 927 216 -61 324 395 -935 373 N/A -513 -632 440 952 -843 708 -770 -893 N/A 709 N/A -940 N/A 586 107 N/A -235
-295 N/A -639 -277 666 774 N/A 901 -17 829 -25 -32 -420 N/A -36 524 -997 -332 197 N/A 276 N/A 448 N/A 542 705 -477 -121 N/A -447 N/A 943 N/A 357 -320 -285 537 901 N/A -948 123 833 928 N/A -455 -972 183 -611 N/A -534 N/A -715 -176 -908 N/A -327 470 840 -214 N/A 181 19 417 -441 N/A -801
764 17 767 -774 447 N/A 549 N/A 748 -199 N/A 526 -946 378 N/A 554 71 -899 -824 -57 N/A 246 -960 432 243 N/A 868 -115 -152 130 N/A -904 586 962 N/A 274 -848 N/A 813 -540 822 972 N/A -755 -600 N/A -402 817 151 -419 N/A -182 -80 N/A -121 -761 N/A 110 -337 N/A -871
-140 N/A 99 45 646 -514 -570 N/A 206 N/A -55 337 N/A -920 N/A 167 -651 N/A 388 N/A 746 -942 N/A -32 -415 N/A -646 -83 -977 -394 N/A 370 983 14 N/A -286 -840 444 -180 -284 93 18 -1 -968 -482
208 256 -480 807 N/A -699 186 -78 N/A 922 234 N/A -310 537 -746 N/A 675 297 64 168 -7 223 N/A -498 74 938 -264 -243 712 -541 435 N/A 800 -850 N/A 951 -159 N/A 611 927 334 N/A 210 N/A 470 N/A -360 -106 N/A -656
795 -327 183 -209 536 -123 N/A 635 -577 604 686 -740 N/A -922 -265 N/A 536 142 478 603 N/A -347 N/A 911 N/A 185 -704 N/A 129 N/A 41 N/A 767 -123 873 279 614 -638 N/A -42 -566
-208 -919 -802 -479 -799 277 N/A 280 -335 842 976 -535 N/A 831 N/A -668 129 N/A -727 304 N/A -926 -240 N/A 638 926 N/A 458 N/A 659 575 -806 675 556 -247 -938 -907 678 N/A 797 N/A 425 N/A 66 N/A -514 -382 -509 N/A 770 -685 94 681 N/A -123 894 193 -701
407 -360 101 998 150 -508 N/A 941 -253 -390 N/A 244 -838 -714 N/A 865 730 N/A 421 N/A -701 N/A 775 -428 N/A 326 317 -342 N/A -324 -38 820 507 554 430 853 811 296 -426 -758 N/A -663 796 N/A 89 -332 N/A 751 -653 N/A 459 154 N/A -247
477 N/A 951 N/A 755 -529 N/A 825 N/A 884 N/A -786 -371 958 658 N/A -586 419 N/A -53 N/A -278 748 989 235 -182 N/A 69 539 N/A -684 -821 -928 N/A 380 743 N/A 734 304 N/A 864 -192 -748 -167 -235 31 -490 -260 316 705 N/A 823 438 -101 539 N/A 99 60 N/A 208 44 156 837 -81 45
125 N/A 707 N/A -914 N/A 564 -923 N/A 989 N/A 4 -501 N/A -462 486 -841 -713 -342 -452 947 N/A 838 358 365 449 885 N/A 320 396 -892 101 N/A -488 369 -512 -198 N/A 662 477 543 N/A 104 463 -809 N/A 151 884 323 583 -276 N/A 614 -585 427 N/A 943 N/A 558 -303 -636 N/A 4 -222
439 664 450 411 415 -446 -705 -882 -514 N/A -156 32 -350 N/A -154 -365 N/A 630 -124 N/A -760 N/A -414 -847 785 -726 937 N/A -674 N/A -845 N/A 139 206 -957 N/A -37
27 663 521 N/A 879 864 -883 31 N/A -299 40 -63 18 N/A -125 855 -560 N/A -908 N/A -901 488 -375 587 -670 779 -534 N/A -385 -476 -646 N/A 18 N/A 336 N/A 227 N/A 410 63 N/A 495 N/A -212 115 N/A -543 422 -843 818 -308 N/A 378 308 N/A 832 -643 -547 -588 N/A -872 204 -959 22 N/A -301 326 857 957 607 N/A -490 261 -349
-967 863 854 -208 N/A -119 942 N/A 719 -693 N/A -654 N/A 931 -769 942 -349 880 601 -943 N/A -352 236 733 -541 -736 N/A -103 292 -489 N/A -585 N/A -333 185 191 N/A 792 N/A 25
574 438 N/A -581 328 418 69 450 937 N/A -141 389 428 N/A 766 -966 N/A 243 -934 804 -811 266 53 383 559 N/A -260 -87 N/A 139 N/A -866 N/A -582 391
-308 -52 -32 -622 N/A -607 -21 994 N/A -842 -87 N/A 894 148 328 N/A 964 N/A -151 -386 N/A -761 97 N/A 52 N/A -615 184 N/A -373 810 -353 -678 N/A 447 800 498 -463 721 503 -300 559 N/A -234 N/A -746 552 N/A 761 -570 -581 806 -168 335 N/A 309 945 -732 203 N/A 849
479 -581 942 510 -377 N/A 972 N/A -269 N/A 252 -450 -920 -518 -745 -42 -521 914 -615 187 -759 604 -455 N/A 436 940 N/A -171 N/A -985 786 N/A 991 N/A -134 -485 -65 N/A 666 874 N/A 438 -100 -814 -442 -868 -19 731 81 N/A 217 N/A -215 -707 -599 594 N/A -744 207 N/A 296 669 -444 N/A -441 N/A 655 N/A -739
8 N/A -464 -746 N/A 659 736 518 365 -407 958 -980 N/A 999 667 N/A 262 -951 -497 482 N/A -175 952 637 N/A 581 -229 N/A 838 103 536 790 N/A -913 552
562 -194 833 -710 -509 610 N/A -220 653 790 609 N/A 908 693 -260 770 N/A -547 -619 -164 -397 783 N/A 710 221 677 N/A -758 962 -303 N/A 255 N/A -678 N/A 292 237 269 980 -250 N/A 242 N/A -595 -136 N/A -793 N/A 42 840 -147 N/A -101 570 -850 649 -821 N/A 631 -621 N/A 460 -688 N/A -919 N/A -635 -409 -642 N/A 199 184 11
627 77 N/A 833 864 -436 -686 -771 N/A -248 -300 N/A 947 -322 468 963 924 184 N/A 490 68 795 574 819 -432 N/A -262 N/A 852 N/A 760 -475 N/A 5 -137 N/A 741 N/A -253 N/A 916 750 941 N/A -187 -443 N/A 963 431 N/A -898 -6 344 266 880 58 -765 N/A 424 -635 N/A 774 -918 749 N/A -57 651 814
699 -986 446 -536 -520 N/A 849 392 -138 N/A 755 -599 N/A -653 269 N/A 692 -845 N/A 290 -665 -496 -509 564 251 -303 N/A 223 N/A 67 16 N/A -948 641 -506 -630 -789 513 -284 399 N/A 226 N/A 544 963 N/A 333 -351 N/A -182 -578 N/A 6 103 -922
230 755 -772 718 436 N/A -780 249 N/A 274 N/A 932 -485 455 392 N/A -380 N/A -970 734 -444 N/A 111 822 -452 -380 N/A 850 889 -911 464 N/A 74 195 319 N/A 910 N/A 393 523 834 N/A -441 -605 -229 745 -74 -535 N/A 58 682
552 N/A -351 N/A 115 779 N/A 721 N/A -505 988 N/A -617 613 500 N/A -452 -238 N/A 106 822 795 N/A -52 N/A -473 438 104 N/A 720 291 N/A 236 -605 815 906 183 -125 N/A -379 244 N/A -78 599 N/A 381 -330 -592 11 -150 -204 -60 -779 502 -502 -979 922 -270 -918 N/A -37 337 -54 -205 660 N/A -704 939 N/A -586 -44
-389 197 N/A -362 -881 -231 822 -276 -441 255 -559 N/A 165 N/A 343 -337 715 -792 -200 N/A 772 N/A 734 N/A 529 N/A 965 -21 314 N/A 284 976 329 485 423 -327 N/A 1
303 N/A -554 -507 -709 N/A -824 N/A 776 -625 N/A 374 N/A 466 113 352 N/A -237 144 -656 -834 963 N/A 296 894 720 180 494 32
-330 -760 -60 46 31 -448 N/A 5 548 N/A -235 -146 N/A -606 -591 N/A -970 N/A 756 N/A -690 N/A -479 -651 N/A -673 -477 N/A -233 -168 324 -266 926 598 -138 N/A 394 N/A 199 905 -975 71 168 -871 615 -570 733 -542 977 N/A 319 N/A -737 -77
-26 -128 106 -390 502 N/A 346 N/A 190 -356 872 N/A 856 N/A 794 -260 N/A 897 460 755 -745 -765 -797 -26 N/A 54 492 N/A 811 186
-238 759 -824 -226 -618 N/A -605 N/A -547 197 N/A 216 -321 N/A 819 428 -288 N/A -812 -286 N/A -923 432 324 -723 N/A -918 771 N/A 111 -808 5 981 -998 427 -325 141 N/A -962 N/A -327 217 N/A -632 162 432 697 401 410 N/A 845 964 N/A -420 -662 N/A 586 -953 990 -135 N/A 15 N/A 691
808 N/A -724 -856 N/A 296 846 -426 -669 N/A -710 795 N/A 873 -835 -903 633 -650 773 N/A -954 N/A 284 471 N/A 568 N/A 212 93 600 184 339 183 N/A -589 -820 N/A -861 -618 N/A -453 -237 -104 N/A -332 -722 N/A -274 -123 -733 196 -179 911 707